0 54 mean_meat_pro_and_live_EU POLY_ID
1 44         5.41643567
1 34         2.98446866
1 14         3.59230489
1 25         1.68505997
1 52         15.2480577
1 39         13.1317196
1 33         8.11406965
1 19         8.16773219
1 22         12.1117566
1 27         12.9196766
1 12         13.8932968
1 24         16.4307214
1 36         7.22821743
1 35         7.58310637
1 31         10.9984463
1 3         8.75990263
1 7          9.8141222
1 16         6.05580525
1 6         5.32911622
1 5         3.80272863
1 28         1.84415774
1 26         7.70723245
1 50         6.79990731
1 49         10.3549198
1 53         13.7943193
1 43         14.7420896
1 23         14.6968617
1 21          16.441154
2 39         7.89523095
2 33         10.9717179
2 19         10.5014803
2 22         9.20619679
2 27         5.96794718
2 12         12.2874349
2 8         15.8725454
2 11         4.12805553
2 24         8.52325697
2 4         8.65910945
2 29         10.5106754
2 36         13.7169676
2 3          13.536212
2 7             15.523
2 6         15.0506282
2 5         16.2823075
2 26         14.4408353
2 40         12.4354334
2 37         5.50735851
2 32         10.5313832
2 20         7.63335243
2 15         8.05608188
2 18         13.1849929
2 17         14.4099884
2 13         9.43657603
3 44         12.1067836
3 34         7.55775346
3 14         12.3007315
3 25         9.63921087
3 1         8.75990263
3 39         5.96510054
3 33         4.01390505
3 19         5.22501322
3 22          4.6073957
3 27         7.73606316
3 2          13.536212
3 12         5.14179998
3 8         9.35192376
3 11         11.6352161
3 24          8.3377222
3 4         9.95872811
3 29         9.71230343
3 38         15.4121792
3 36         1.62716654
3 35         5.46261553
3 31         6.94605171
3 30         16.8785738
3 7         2.46005533
3 16         5.29462277
3 6         3.43160631
3 5          4.9876463
3 28         7.00742386
3 26         11.6670127
3 20         16.3592174
3 15         16.8113588
3 50         10.9904497
3 49           14.33829
3 43         15.1349724
3 23         12.4645507
3 21          14.223416
3 9          15.907982
4 39         5.23688208
4 33          10.280058
4 19         10.7998223
4 22         6.01407195
4 27         7.42159412
4 2         8.65910945
4 12         5.75089653
4 8         7.57356886
4 11         4.59322189
4 24         1.67417637
4 29         1.87465611
4 38         17.1354525
4 36         11.1260614
4 35         14.9518856
4 31         14.8143456
4 30         16.7299527
4 3         9.95872811
4 7         10.7116897
4 16         15.1606384
4 6         13.0332002
4 5         14.6235501
4 28         16.5672858
4 45          16.247238
4 40         8.33453952
4 37         13.0994059
4 20         6.94569188
4 15         7.32375624
4 18         9.87820263
4 17         13.0626093
5 44          7.5993984
5 34         3.03802429
5 14         7.31394505
5 25         4.68777012
5 1         3.80272863
5 39         9.90639588
5 33         5.32312849
5 19         5.86845193
5 22          8.7429253
5 27         10.3640249
5 2         16.2823075
5 12         10.1294457
5 8         14.1274881
5 11          15.412951
5 24         12.9560927
5 4         14.6235501
5 29           14.59489
5 36         3.53208438
5 35         4.84271343
5 31         8.11249128
5 3          4.9876463
5 7         6.07609295
5 16         3.41100778
5 6         1.59969928
5 28         2.01978075
5 26          8.9128459
5 50         7.40467417
5 49         11.1167029
5 53         14.4641395
5 43          13.905552
5 23         12.7314656
5 21         14.5576475
5 9         16.4498932
6 44         9.10755516
6 34         4.49977788
6 14         8.88264911
6 25         6.28722322
6 1         5.32911622
6 39         8.38671058
6 33         4.10787799
6 19         4.88865384
6 22         7.18757387
6 27         9.08967933
6 2         15.0506282
6 12         8.56524085
6 8         12.6909079
6 11         13.9566547
6 24         11.3680228
6 4         13.0332002
6 29         12.9958121
6 36         1.93296805
6 35         4.78998359
6 31         7.69819428
6 3         3.43160631
6 7         4.83738214
6 16         3.68205159
6 5         1.59969928
6 28          3.6031468
6 26         9.32137651
6 50         8.60841319
6 49         12.2467328
6 53         15.5082728
6 43         14.4173137
6 23         12.7392345
6 21         14.5713887
6 9         16.4190246
7 44         12.1178947
7 34         7.90580077
7 14         13.1518989
7 25         10.3271052
7 1          9.8141222
7 39          7.6893672
7 33         6.46968246
7 19          7.6765955
7 22         6.33582455
7 27         9.92199133
7 2             15.523
7 12         5.12817091
7 8         8.19840685
7 11         13.1731395
7 24         9.23974993
7 4         10.7116897
7 29         10.0336254
7 38         13.1149879
7 36          3.6634408
7 35         4.27898881
7 31          4.7141754
7 30         14.7810333
7 3         2.46005533
7 16         4.82628369
7 6         4.83738214
7 5         6.07609295
7 28         7.97194111
7 26         13.8456637
7 50         10.4124261
7 49         13.3808395
7 53         16.0919994
7 43         13.2766159
7 23         10.2356162
7 21         11.9467256
7 9         13.5712853
8 34         16.0966728
8 39         9.35561628
8 33         12.2868183
8 19         13.3562108
8 22         8.85451219
8 27         12.5083486
8 2         15.8725454
8 12         4.89147451
8 11         12.0299055
8 24         7.34935149
8 4         7.57356886
8 29         5.77572254
8 38         9.56196072
8 36         10.9787432
8 35         11.9378462
8 31          10.139384
8 30         9.39986647
8 3         9.35192376
8 7         8.19840685
8 16         12.8843854
8 6         12.6909079
8 5         14.1274881
8 28         16.0971387
8 40         13.0533508
8 20          13.919676
8 15         14.1841739
8 18         14.6743764
8 23         13.8936054
8 21          14.930392
8 9         15.7546757
9 44         15.9107649
9 34         15.3826039
9 12         16.9399523
9 8         15.7546757
9 38         9.70136172
9 36         16.5187934
9 35         11.6661141
9 31         8.98367963
9 30         12.8487765
9 3          15.907982
9 7         13.5712853
9 16         13.0390835
9 6         16.4190246
9 5         16.4498932
9 28         17.0797606
9 50         12.8404823
9 49         11.8347892
9 53         11.3019233
9 43         5.70925322
9 23         3.72121723
9 21         1.92150748
9 10         5.84894331
10 51         16.3322291
10 38         9.63272353
10 35         17.1595081
10 31         14.1236377
10 30         12.1581378
10 53         16.3132594
10 43         11.0882714
10 23         9.43915798
10 21         7.73870921
10 9         5.84894331
11 39         5.68153114
11 33         10.2491972
11 19         10.2450149
11 22         7.02806842
11 27         5.62369043
11 2         4.12805553
11 12         9.06543797
11 8         12.0299055
11 24         4.78573577
11 4         4.59322189
11 29         6.46548188
11 36         12.2810292
11 35         17.0720485
11 3         11.6352161
11 7         13.1731395
11 16         16.8784357
11 6         13.9566547
11 5          15.412951
11 28         17.1220624
11 26         15.9294376
11 40         9.34378285
11 37         8.63770071
11 32         13.0907079
11 20         5.38867417
11 15         5.88046072
11 18         10.4451337
11 17         12.5838785
11 13         13.0773799
12 44         17.0352149
12 34         12.5920573
12 25         14.7690271
12 1         13.8932968
12 39          4.8176654
12 33         7.45780967
12 19         8.48877458
12 22         4.05194521
12 27         7.93374093
12 2         12.2874349
12 8         4.89147451
12 11         9.06543797
12 24         4.49951908
12 4         5.75089653
12 29         4.90702816
12 38          13.291207
12 36          6.6786011
12 35         9.40632533
12 31         9.06511579
12 30         13.8577355
12 3         5.14179998
12 7         5.12817091
12 16         9.84880387
12 6         8.56524085
12 5         10.1294457
12 28         12.1492214
12 26         15.7064234
12 40         13.6346259
12 20         12.6720943
12 15          13.064164
12 18         15.2578557
12 50         15.5187307
12 23         14.1573801
12 21         15.6325238
12 9         16.9399523
13 27         14.8670329
13 2         9.43657603
13 11         13.0773799
13 37         4.63567337
13 32         4.69774524
13 20         13.4687498
13 15         13.6079123
14 44         4.35167499
14 34         5.44813967
14 25         2.86815655
14 1         3.59230489
14 52         12.1918073
14 39         16.6786324
14 33         11.6136784
14 19         11.5384118
14 22         15.6882197
14 27         16.2635427
14 36         10.7995868
14 35         10.2774107
14 31         13.5631087
14 3         12.3007315
14 7         13.1518989
14 16         8.87252938
14 6         8.88264911
14 5         7.31394505
14 28          5.2951209
14 26         9.13110691
14 50         7.08954095
14 49         9.83263551
14 53         13.0466466
14 43         15.3580529
14 23         16.3173274
15 39         11.1147366
15 33         16.0065892
15 19         16.0898915
15 22         12.3399086
15 27         11.5040625
15 2         8.05608188
15 12          13.064164
15 8         14.1841739
15 11         5.88046072
15 24         8.66750274
15 4         7.32375624
15 29         8.65055919
15 3         16.8113588
15 45         13.3317207
15 40         4.70532551
15 37          9.1212271
15 32         11.5292126
15 20        0.491793738
15 18         5.16311866
15 17          6.7116339
15 13         13.6079123
16 44         7.30201007
16 34         3.42446331
16 14         8.87252938
16 25         6.01029313
16 1         6.05580525
16 39         11.1971237
16 33          7.6686768
16 19         8.54856977
16 22         9.86379215
16 27         12.4721475
16 12         9.84880387
16 8         12.8843854
16 11         16.8784357
16 24         13.5764774
16 4         15.1606384
16 29         14.7046516
16 38         15.8349858
16 36          4.7143541
16 35         1.54182011
16 31          4.9578008
16 3         5.29462277
16 7         4.82628369
16 6         3.68205159
16 5         3.41100778
16 28         4.37262351
16 26         12.3078348
16 50         5.72798817
16 49         9.05548819
16 53         12.1328845
16 43         10.7355925
16 23         9.32045816
16 21           11.14696
16 9         13.0390835
17 2         14.4099884
17 11         12.5838785
17 24         14.6482022
17 4         13.0626093
17 29         13.8045002
17 47         15.7621511
17 45         8.98206713
17 40         5.34414464
17 37         13.6195077
17 32         13.5927185
17 20         7.20204897
17 15          6.7116339
17 18         3.75937751
18 39         14.7702583
18 22         15.7768344
18 27         15.9033649
18 2         13.1849929
18 12         15.2578557
18 8         14.6743764
18 11         10.4451337
18 24         11.5315761
18 4         9.87820263
18 29         10.3538821
18 45         8.18522038
18 40         1.64664569
18 37         13.8849395
18 32         15.1703997
18 20         5.55754512
18 15         5.16311866
18 17         3.75937751
19 44         13.1696586
19 34         8.82607887
19 14         11.5384118
19 25         9.69484688
19 1         8.16773219
19 39         5.56324448
19 33          1.2168443
19 22          5.0330944
19 27         4.75194922
19 2         10.5014803
19 12         8.48877458
19 8         13.3562108
19 11         10.2450149
19 24          9.1980795
19 4         10.7998223
19 29         11.4547231
19 36         4.31177522
19 35         9.48453828
19 31         11.8664967
19 3         5.22501322
19 7          7.6765955
19 16         8.54856977
19 6         4.88865384
19 5         5.86845193
19 28         7.17805792
19 26         7.24967843
19 37          15.747051
19 20         15.5998255
19 15         16.0898915
19 50         13.2729214
19 49          16.982464
20 39           10.64143
20 33          15.521132
20 19         15.5998255
20 22         11.8743091
20 27         11.0122896
20 2         7.63335243
20 12         12.6720943
20 8          13.919676
20 11         5.38867417
20 24         8.25136314
20 4         6.94569188
20 29         8.32987878
20 3         16.3592174
20 45         13.7018289
20 40         4.99198746
20 37         8.93706364
20 32           11.55623
20 15        0.491793738
20 18         5.55754512
20 17         7.20204897
20 13         13.4687498
21 44          14.092165
21 34         13.4613359
21 25         15.5882968
21 1          16.441154
21 12         15.6325238
21 8          14.930392
21 38         10.0924697
21 36          14.750723
21 35         9.79922659
21 31         7.27739198
21 30         13.2540378
21 3          14.223416
21 7         11.9467256
21 16           11.14696
21 6         14.5713887
21 5         14.5576475
21 28         15.1609291
21 50         11.0093292
21 49         10.2784905
21 53         10.1742909
21 43         4.55196615
21 23         1.83303602
21 9         1.92150748
21 10         7.73870921
22 44         16.2903927
22 34         11.6788936
22 14         15.6882197
22 25         13.3473472
22 1         12.1117566
22 39         1.37015128
22 33         4.32322512
22 19          5.0330944
22 27          4.0067319
22 2         9.20619679
22 12         4.05194521
22 8         8.85451219
22 11         7.02806842
22 24         4.34696184
22 4         6.01407195
22 29         6.44612623
22 36         5.36931622
22 35         10.0549658
22 31         11.0340622
22 3          4.6073957
22 7         6.33582455
22 16         9.86379215
22 6         7.18757387
22 5          8.7429253
22 28         10.6291813
22 26         12.2251179
22 40         14.2885364
22 37         14.6894154
22 20         11.8743091
22 15         12.3399086
22 18         15.7768344
22 50         15.4919324
22 23         16.5234288
23 44         12.6415003
23 34         11.7127742
23 14         16.3173274
23 25         13.9069814
23 1         14.6968617
23 33         16.1486652
23 22         16.5234288
23 12         14.1573801
23 8         13.8936054
23 38         10.3160016
23 36         12.9445195
23 35         7.96622523
23 31         5.53153137
23 30         13.4114275
23 3         12.4645507
23 7         10.2356162
23 16         9.32045816
23 6         12.7392345
23 5         12.7314656
23 28         13.3739373
23 50          9.5527703
23 49          9.3262479
23 53         9.81616652
23 43         4.52086219
23 21         1.83303602
23 9         3.72121723
23 10         9.43915798
24 34         15.7967438
24 1         16.4307214
24 39         3.65696347
24 33         8.63376013
24 19          9.1980795
24 22         4.34696184
24 27         6.16920028
24 2         8.52325697
24 12         4.49951908
24 8         7.34935149
24 11         4.78573577
24 4         1.67417637
24 29         2.51950214
24 38         16.8137549
24 36          9.4667637
24 35         13.4349596
24 31         13.5113821
24 30         16.7203525
24 3          8.3377222
24 7         9.23974993
24 16         13.5764774
24 6         11.3680228
24 5         12.9560927
24 28         14.8953509
24 26         16.1555319
24 40         10.0006757
24 37          13.417879
24 20         8.25136314
24 15         8.66750274
24 18         11.5315761
24 17         14.6482022
25 44         3.73232602
25 34         2.58949549
25 14         2.86815655
25 1         1.68505997
25 52         13.7212766
25 39         14.4400532
25 33         9.52949562
25 19         9.69484688
25 22         13.3473472
25 27          14.436117
25 12         14.7690271
25 36         8.21985437
25 35         7.43753011
25 31         10.7667674
25 3         9.63921087
25 7         10.3271052
25 16         6.01029313
25 6         6.28722322
25 5         4.68777012
25 28         2.71928752
25 26         9.24197675
25 50          5.3691384
25 49         8.79057381
25 53         12.2128957
25 43         13.5248832
25 23         13.9069814
25 21         15.5882968
26 44         12.8159827
26 34           10.33737
26 14         9.13110691
26 25         9.24197675
26 1         7.70723245
26 39         12.5143828
26 33         8.25214374
26 19         7.24967843
26 22         12.2251179
26 27         10.4916995
26 2         14.4408353
26 12         15.7064234
26 11         15.9294376
26 24         16.1555319
26 36         10.1955063
26 35         13.7544223
26 31         16.9517223
26 3         11.6670127
26 7         13.8456637
26 16         12.3078348
26 6         9.32137651
26 5          8.9128459
26 28         8.40892432
26 50         14.5065233
27 34         13.3933692
27 14         16.2635427
27 25          14.436117
27 1         12.9196766
27 39         3.15757912
27 33         5.04093994
27 19         4.75194922
27 22          4.0067319
27 2         5.96794718
27 12         7.93374093
27 8         12.5083486
27 11         5.62369043
27 24         6.16920028
27 4         7.42159412
27 29          8.6880275
27 36         7.76787314
27 35         13.0425335
27 31         14.6142069
27 3         7.73606316
27 7         9.92199133
27 16         12.4721475
27 6         9.08967933
27 5         10.3640249
27 28         11.8697769
27 26         10.4916995
27 40         14.6514939
27 37           11.41732
27 32         16.4865798
27 20         11.0122896
27 15         11.5040625
27 18         15.9033649
27 13         14.8670329
28 44         5.99166585
28 34         1.99320686
28 14          5.2951209
28 25         2.71928752
28 1         1.84415774
28 52         16.3598614
28 39         11.7329065
28 33         6.88997925
28 19         7.17805792
28 22         10.6291813
28 27         11.8697769
28 12         12.1492214
28 8         16.0971387
28 11         17.1220624
28 24         14.8953509
28 4         16.5672858
28 29         16.5905355
28 36         5.53300413
28 35         5.91441385
28 31          9.3284627
28 3         7.00742386
28 7         7.97194111
28 16         4.37262351
28 6          3.6031468
28 5         2.01978075
28 26         8.40892432
28 50         6.49762328
28 49         10.2198289
28 53         13.6521808
28 43         13.8903484
28 23         13.3739373
28 21         15.1609291
28 9         17.0797606
29 39          6.0372477
29 33         10.7609503
29 19         11.4547231
29 22         6.44612623
29 27          8.6880275
29 2         10.5106754
29 12         4.90702816
29 8         5.77572254
29 11         6.46548188
29 24         2.51950214
29 4         1.87465611
29 38         15.3242564
29 36          11.062899
29 35          14.312481
29 31         13.7808434
29 30         14.8591825
29 3         9.71230343
29 7         10.0336254
29 16         14.7046516
29 6         12.9958121
29 5           14.59489
29 28         16.5905355
29 45         15.9007153
29 40         8.72797188
29 37         14.9593789
29 20         8.32987878
29 15         8.65055919
29 18         10.3538821
29 17         13.8045002
30 12         13.8577355
30 8         9.39986647
30 24         16.7203525
30 4         16.7299527
30 29         14.8591825
30 51          15.095447
30 38         3.16649493
30 35         16.6615769
30 31         13.4402751
30 3         16.8785738
30 7         14.7810333
30 23         13.4114275
30 21         13.2540378
30 9         12.8487765
30 10         12.1581378
31 44         11.0332505
31 34          8.2077391
31 14         13.5631087
31 25         10.7667674
31 1         10.9984463
31 39         12.3752904
31 33         10.7288733
31 19         11.8664967
31 22         11.0340622
31 27         14.6142069
31 12         9.06511579
31 8          10.139384
31 24         13.5113821
31 4         14.8143456
31 29         13.7808434
31 38         10.9751002
31 36         7.55694349
31 35         3.41859152
31 30         13.4402751
31 3         6.94605171
31 7          4.7141754
31 16          4.9578008
31 6         7.69819428
31 5         8.11249128
31 28          9.3284627
31 26         16.9517223
31 50          8.4071078
31 49         10.3199975
31 53         12.4064407
31 43         8.76923364
31 23         5.53153137
31 21         7.27739198
31 9         8.98367963
31 10         14.1236377
32 27         16.4865798
32 2         10.5313832
32 11         13.0907079
32 40         15.6120499
32 37         5.10566495
32 20           11.55623
32 15         11.5292126
32 18         15.1703997
32 17         13.5927185
32 13         4.69774524
33 44         12.8396203
33 34         8.35352963
33 14         11.6136784
33 25         9.52949562
33 1         8.11406965
33 39         5.10986199
33 19          1.2168443
33 22         4.32322512
33 27         5.04093994
33 2         10.9717179
33 12         7.45780967
33 8         12.2868183
33 11         10.2491972
33 24         8.63376013
33 4          10.280058
33 29         10.7609503
33 36         3.20747968
33 35          8.4898194
33 31         10.7288733
33 3         4.01390505
33 7         6.46968246
33 16          7.6686768
33 6         4.10787799
33 5         5.32312849
33 28         6.88997925
33 26         8.25214374
33 37         16.3388678
33 20          15.521132
33 15         16.0065892
33 50         12.6755579
33 49         16.3428017
33 23         16.1486652
34 44         4.61167966
34 14         5.44813967
34 25         2.58949549
34 1         2.98446866
34 52         15.2062796
34 39         12.8864123
34 33         8.35352963
34 19         8.82607887
34 22         11.6788936
34 27         13.3933692
34 12         12.5920573
34 8         16.0966728
34 24         15.7967438
34 36         6.33785833
34 35         4.85244023
34 31          8.2077391
34 3         7.55775346
34 7         7.90580077
34 16         3.42446331
34 6         4.49977788
34 5         3.03802429
34 28         1.99320686
34 26           10.33737
34 50         4.55284032
34 49         8.28967637
34 53         11.7054835
34 43         11.9491041
34 23         11.7127742
34 21         13.4613359
34 9         15.3826039
35 44         8.27325428
35 34         4.85244023
35 14         10.2774107
35 25         7.43753011
35 1         7.58310637
35 39          11.419785
35 33          8.4898194
35 19         9.48453828
35 22         10.0549658
35 27         13.0425335
35 12         9.40632533
35 8         11.9378462
35 11         17.0720485
35 24         13.4349596
35 4         14.9518856
35 29          14.312481
35 38         14.3319313
35 36         5.33736471
35 31         3.41859152
35 30         16.6615769
35 3         5.46261553
35 7         4.27898881
35 16         1.54182011
35 6         4.78998359
35 5         4.84271343
35 28         5.91441385
35 26         13.7544223
35 50         6.20368909
35 49         9.11074571
35 53         11.9267391
35 43         9.83828401
35 23         7.96622523
35 21         9.79922659
35 9         11.6661141
35 10         17.1595081
36 44         10.9457137
36 34         6.33785833
36 14         10.7995868
36 25         8.21985437
36 1         7.22821743
36 39         6.63293422
36 33         3.20747968
36 19         4.31177522
36 22         5.36931622
36 27         7.76787314
36 2         13.7169676
36 12          6.6786011
36 8         10.9787432
36 11         12.2810292
36 24          9.4667637
36 4         11.1260614
36 29          11.062899
36 38         16.7770313
36 35         5.33736471
36 31         7.55694349
36 3         1.62716654
36 7          3.6634408
36 16          4.7143541
36 6         1.93296805
36 5         3.53208438
36 28         5.53300413
36 26         10.1955063
36 50          10.171868
36 49         13.6940019
36 53         16.8381558
36 43         15.1755831
36 23         12.9445195
36 21          14.750723
36 9         16.5187934
37 39         13.3583921
37 33         16.3388678
37 19          15.747051
37 22         14.6894154
37 27           11.41732
37 2         5.50735851
37 11         8.63770071
37 24          13.417879
37 4         13.0994059
37 29         14.9593789
37 40          13.780952
37 32         5.10566495
37 20         8.93706364
37 15          9.1212271
37 18         13.8849395
37 17         13.6195077
37 13         4.63567337
38 12          13.291207
38 8         9.56196072
38 24         16.8137549
38 4         17.1354525
38 29         15.3242564
38 51         16.2096517
38 36         16.7770313
38 35         14.3319313
38 31         10.9751002
38 30         3.16649493
38 3         15.4121792
38 7         13.1149879
38 16         15.8349858
38 43         14.5893283
38 23         10.3160016
38 21         10.0924697
38 9         9.70136172
38 10         9.63272353
39 34         12.8864123
39 14         16.6786324
39 25         14.4400532
39 1         13.1317196
39 33         5.10986199
39 19         5.56324448
39 22         1.37015128
39 27         3.15757912
39 2         7.89523095
39 12          4.8176654
39 8         9.35561628
39 11         5.68153114
39 24         3.65696347
39 4         5.23688208
39 29          6.0372477
39 36         6.63293422
39 35          11.419785
39 31         12.3752904
39 3         5.96510054
39 7          7.6893672
39 16         11.1971237
39 6         8.38671058
39 5         9.90639588
39 28         11.7329065
39 26         12.5143828
39 40         13.3315336
39 37         13.3583921
39 20           10.64143
39 15         11.1147366
39 18         14.7702583
39 50         16.7923725
40 39         13.3315336
40 22         14.2885364
40 27         14.6514939
40 2         12.4354334
40 12         13.6346259
40 8         13.0533508
40 11         9.34378285
40 24         10.0006757
40 4         8.33453952
40 29         8.72797188
40 45         8.86644705
40 37          13.780952
40 32         15.6120499
40 20         4.99198746
40 15         4.70532551
40 18         1.64664569
40 17         5.34414464
41 52         9.83567619
41 46         2.35997207
41 42         2.59080083
41 53         16.0932339
42 52         12.4097246
42 46          4.4349727
42 41         2.59080083
43 44         11.1374994
43 34         11.9491041
43 14         15.3580529
43 25         13.5248832
43 1         14.7420896
43 52         16.1401685
43 38         14.5893283
43 36         15.1755831
43 35         9.83828401
43 31         8.76923364
43 3         15.1349724
43 7         13.2766159
43 16         10.7355925
43 6         14.4173137
43 5          13.905552
43 28         13.8903484
43 50         8.28481369
43 49         6.35131394
43 53         5.64015874
43 23         4.52086219
43 21         4.55196615
43 9         5.70925322
43 10         11.0882714
44 34         4.61167966
44 14         4.35167499
44 25         3.73232602
44 1         5.41643567
44 52         10.6041754
44 33         12.8396203
44 19         13.1696586
44 22         16.2903927
44 12         17.0352149
44 36         10.9457137
44 35         8.27325428
44 31         11.0332505
44 3         12.1067836
44 7         12.1178947
44 16         7.30201007
44 6         9.10755516
44 5          7.5993984
44 28         5.99166585
44 26         12.8159827
44 50         3.08992007
44 49         5.48948197
44 53          8.7745819
44 43         11.1374994
44 23         12.6415003
44 21          14.092165
44 9         15.9107649
45 4          16.247238
45 29         15.9007153
45 48         9.06711759
45 47         12.0653326
45 40         8.86644705
45 20         13.7018289
45 15         13.3317207
45 18         8.18522038
45 17         8.98206713
46 52         8.90009227
46 41         2.35997207
46 42          4.4349727
46 54         17.1913655
46 49         15.8620087
46 53         13.9018506
47 48         11.8512334
47 45         12.0653326
47 17         15.7621511
48 47         11.8512334
48 45         9.06711759
49 44         5.48948197
49 34         8.28967637
49 14         9.83263551
49 25         8.79057381
49 1         10.3549198
49 52         10.5508549
49 46         15.8620087
49 33         16.3428017
49 19          16.982464
49 36         13.6940019
49 35         9.11074571
49 31         10.3199975
49 3           14.33829
49 7         13.3808395
49 16         9.05548819
49 6         12.2467328
49 5         11.1167029
49 28         10.2198289
49 50         3.73813546
49 53         3.44651232
49 43         6.35131394
49 23          9.3262479
49 21         10.2784905
49 9         11.8347892
50 44         3.08992007
50 34         4.55284032
50 14         7.08954095
50 25          5.3691384
50 1         6.79990731
50 52         12.2412336
50 39         16.7923725
50 33         12.6755579
50 19         13.2729214
50 22         15.4919324
50 12         15.5187307
50 36          10.171868
50 35         6.20368909
50 31          8.4071078
50 3         10.9904497
50 7         10.4124261
50 16         5.72798817
50 6         8.60841319
50 5         7.40467417
50 28         6.49762328
50 26         14.5065233
50 49         3.73813546
50 53         7.15612146
50 43         8.28481369
50 23          9.5527703
50 21         11.0093292
50 9         12.8404823
51 38         16.2096517
51 30          15.095447
51 10         16.3322291
52 44         10.6041754
52 34         15.2062796
52 14         12.1918073
52 25         13.7212766
52 1         15.2480577
52 46         8.90009227
52 41         9.83567619
52 42         12.4097246
52 28         16.3598614
52 50         12.2412336
52 49         10.5508549
52 53         10.6389387
52 43         16.1401685
53 44          8.7745819
53 34         11.7054835
53 14         13.0466466
53 25         12.2128957
53 1         13.7943193
53 52         10.6389387
53 46         13.9018506
53 41         16.0932339
53 36         16.8381558
53 35         11.9267391
53 31         12.4064407
53 7         16.0919994
53 16         12.1328845
53 6         15.5082728
53 5         14.4641395
53 28         13.6521808
53 50         7.15612146
53 49         3.44651232
53 43         5.64015874
53 23         9.81616652
53 21         10.1742909
53 9         11.3019233
53 10         16.3132594
54 46         17.1913655
